0 1105 919 1315 1127
0 191 1242 398 1469
0 1587 697 1906 761
0 1541 442 1845 541
0 1252 505 1398 761
0 387 927 671 1112
0 933 621 1085 766
0 1325 932 1491 1137
0 1091 592 1239 766
0 778 646 924 763
0 977 971 1098 1102
0 742 172 887 339
0 463 545 619 763
0 1516 899 1762 1140
0 763 1014 939 1121
0 1412 524 1551 750
0 333 245 451 350
0 618 561 760 759
0 450 1350 587 1490
0 1005 1271 1166 1363
0 600 1365 745 1494
0 945 1370 1123 1508
0 1536 1432 1898 1522
0 763 1374 933 1497
0 465 252 611 355
0 629 230 743 350
0 823 1250 991 1365
0 1581 612 1898 695
0 1566 547 1873 605
0 6 1550 145 1704
0 151 1545 288 1704
0 291 1552 472 1704
0 733 1600 863 1704
0 881 1592 1015 1704