0 865 592 1043 848
0 1823 1228 1958 1442
0 1147 1237 1323 1446
0 1708 583 1840 832
0 1734 930 1867 1155
0 1054 581 1231 845
0 1843 585 2016 839
0 1514 595 1708 841
0 889 1234 1038 1448
0 618 630 853 848
0 687 1234 878 1438
0 2000 912 2156 1154
0 576 275 774 499
0 363 930 628 1145
0 238 312 416 492
0 1516 932 1723 1154
0 1160 923 1333 1163
0 427 305 556 491
0 1338 332 1491 515
0 1309 47 1546 178
0 287 35 566 186
0 307 635 549 848
0 1570 278 1745 499
0 782 265 920 430
0 1608 58 1741 188
0 440 1221 591 1403
0 1963 1232 2101 1435
0 2098 1230 2249 1437
0 1876 923 1998 1157
0 1336 1239 1502 1452
0 1363 1537 1487 1694
0 1125 1530 1234 1703
0 992 1529 1103 1687
0 1253 1532 1363 1692
0 1993 1528 2154 1692
0 1522 1551 1671 1704
0 1517 1239 1667 1448
0 1678 1232 1818 1448
0 379 1512 489 1692
0 849 1528 982 1695
0 2163 1529 2279 1695
0 500 1515 591 1703
0 1736 283 1925 515
0 900 14 1027 190
0 1034 6 1169 194
0 1176 59 1303 185
0 574 23 887 181
0 2158 919 2272 1160
0 918 299 1087 510