0 1652 691 1890 880
0 1381 709 1594 902
0 1655 569 1895 679
0 1366 567 1615 675
0 1309 264 1548 449
0 439 493 623 714
0 1371 1070 1604 1238
0 1543 241 1814 472
0 1110 250 1296 472
0 2024 603 2139 817
0 200 489 388 700
0 508 1004 687 1251
0 384 5 599 177
0 1675 1057 1877 1233
0 689 439 861 687
0 264 1009 464 1238
0 812 1051 961 1247
0 123 839 266 966
0 706 1034 812 1213
0 28 479 174 710
0 286 852 451 971
0 103 989 242 1131
0 1085 580 1328 668
0 1097 1054 1224 1208
0 1355 57 1553 230
0 1115 109 1306 232
0 1078 685 1314 824
0 138 6 351 165
0 1905 287 2202 479
0 2076 1056 2273 1285
0 1877 150 2153 245
0 2158 600 2244 840
0 1580 1442 1833 1522
0 1290 1452 1489 1570
0 484 1486 645 1646
0 779 1496 976 1700
0 151 1486 299 1667
0 1576 1559 2062 1670
0 162 1297 307 1420
0 309 1462 464 1660
0 1873 1441 2107 1518
0 1916 600 2014 842
0 1056 1440 1269 1575
0 661 1460 779 1655
0 1 1462 134 1652
0 716 262 866 420
0 499 255 661 427
0 336 257 476 432
0 164 242 326 430
0 674 2 839 160
0 1 997 89 1205
0 3 1296 164 1464
0 6 4 140 185
