0 1091 808 1435 959
0 662 857 856 1107
0 1047 175 1481 350
0 1054 367 1489 540
0 1322 1250 1560 1419
0 342 277 543 474
0 139 895 346 1147
0 1075 1254 1290 1443
0 1321 1065 1566 1211
0 1591 1218 1831 1445
0 1502 762 1811 947
0 1633 307 1733 545
0 324 146 520 238
0 110 273 299 550
0 14 644 219 862
0 761 241 959 542
0 1625 118 1718 284
0 1496 314 1609 545
0 593 256 746 537
0 1934 1258 2251 1452
0 1799 299 1924 552
0 1824 768 2136 960
0 394 1479 600 1695
0 1 1426 141 1704
0 668 1414 856 1650
0 1086 1561 1356 1659
0 1386 1573 1636 1682
0 1715 1570 1957 1654
0 107 167 292 252
0 254 632 439 867
0 471 620 651 860
0 391 897 576 1160
0 4 885 121 1175
0 144 1472 343 1704
0 1486 117 1594 302
0 1736 130 1834 287
0 1941 370 2179 550
0 1843 1112 2186 1198
0 369 65 581 132
0 146 72 336 137
0 6 277 84 550
0 1931 657 2113 757
0 1966 1583 2253 1693