0 1346 1233 1626 1422
0 664 437 837 700
0 1051 1229 1309 1393
0 380 467 586 710
0 449 201 644 427
0 1369 1120 1627 1215
0 1306 807 1542 993
0 1672 1116 1887 1200
0 1906 796 2224 1006
0 413 1026 611 1269
0 1940 1146 2161 1359
0 1111 366 1423 520
0 148 466 349 711
0 1580 784 1806 971
0 1090 792 1285 997
0 177 1030 384 1290
0 1494 336 1799 530
0 1352 622 1533 765
0 671 967 861 1199
0 5 188 179 422
0 1675 1251 1946 1425
0 11 1017 146 1262
0 1834 433 2084 526
0 1939 226 2096 347
0 1834 361 2093 474
0 2191 1139 2280 1337
0 1943 14 2232 102
0 1367 1582 1656 1704
0 1709 1596 1935 1704
0 223 1552 431 1693
0 466 1578 666 1690
0 260 1399 431 1540
0 52 1530 183 1684
0 224 180 429 445
0 9 1375 84 1492
0 104 1385 246 1507
0 774 1595 951 1700
0 1085 613 1324 767
0 1854 662 2172 777
0 691 807 854 960
0 499 797 661 970
0 348 807 478 980
0 214 805 324 917
0 24 802 171 937
