0 1924 413 2096 655
0 1583 410 1761 650
0 883 146 1113 386
0 256 987 424 1227
0 686 996 885 1245
0 444 992 661 1252
0 1128 403 1341 670
0 460 748 666 951
0 1112 972 1276 1202
0 1371 408 1569 646
0 408 400 646 659
0 56 995 244 1217
0 1558 978 1739 1242
0 1347 973 1554 1265
0 901 975 1096 1240
0 45 390 229 653
0 1716 763 1889 902
0 671 397 873 692
0 884 393 1113 672
0 1148 152 1332 369
0 1136 1354 1291 1471
0 929 1355 1079 1469
0 701 870 896 961
0 1353 153 1544 390
0 481 1343 675 1450
0 1881 937 2051 1165
0 1773 395 1898 657
0 929 1505 1094 1689
0 332 1502 467 1687
0 131 1499 295 1681
0 520 1510 678 1695
0 1123 1510 1302 1687
0 1889 1506 2053 1705
0 705 1529 893 1682
0 1360 1361 1530 1475
0 1334 1531 1511 1692
0 1560 1531 1761 1695
0 695 1352 884 1443
0 416 125 644 380
0 1561 165 1729 402
0 1744 917 1866 1167
0 706 307 879 387
0 1909 322 2076 387
0 2134 322 2256 505
0 1901 767 2004 900
0 1506 757 1684 927
0 1314 760 1469 912
0 1106 762 1286 882
0 919 752 1096 887
0 1 1335 173 1417