0 742 1200 904 1395
0 677 306 906 579
0 189 289 426 577
0 328 856 464 1039
0 442 306 651 577
0 937 835 1123 1096
0 514 857 661 1053
0 920 286 1126 550
0 120 837 279 1058
0 1153 864 1330 1072
0 723 898 903 1082
0 1397 307 1604 570
0 1911 864 2104 1138
0 1147 278 1339 565
0 1625 310 1821 542
0 125 1194 316 1337
0 1367 888 1554 1102
0 1594 909 1804 1126
0 1167 666 1337 828
0 916 1205 1085 1364
0 1975 279 2127 531
0 932 684 1121 826
0 340 1190 503 1325
0 1 284 176 565
0 1366 701 1561 828
0 1956 48 2090 247
0 1461 1354 1635 1610
0 1123 1207 1276 1342
0 500 680 694 780
0 1579 56 1758 245
0 448 24 657 244
0 704 693 899 787
0 1601 698 1737 790
0 1820 255 1949 542
0 720 1399 888 1577
0 538 1378 700 1557
0 157 1393 309 1520
0 330 1382 502 1540
0 1116 1389 1286 1557
0 1802 1371 1968 1550
0 1296 1383 1443 1570
0 923 1404 1091 1555
0 1663 1361 1785 1547
0 14 1382 138 1530
0 1804 67 1936 237
0 936 10 1131 270
0 1146 10 1324 255
0 9 657 146 777
0 159 672 319 772
0 503 1267 713 1337
0 693 190 918 282
0 682 806 914 904
0 1453 1204 1645 1319
0 3 1183 127 1356
