0 556 275 824 450
0 554 651 818 843
0 826 638 1081 839
0 569 858 810 1038
0 1579 219 1767 449
0 1319 773 1460 970
0 862 861 1089 1039
0 1382 197 1544 452
0 1958 215 2184 460
0 1526 1161 1697 1326
0 402 1223 595 1402
0 1108 761 1294 1040
0 2012 832 2221 1062
0 1798 806 1994 1085
0 581 529 833 623
0 1563 796 1789 1077
0 80 1204 278 1388
0 388 278 517 427
0 73 831 272 1067
0 384 93 520 246
0 1559 509 1761 780
0 1324 1363 1508 1627
0 1526 1374 1735 1619
0 1752 1366 1931 1620
0 1114 1348 1287 1594
0 828 1394 1073 1613
0 562 1431 795 1604
0 1957 1362 2104 1592
0 409 1429 533 1615
0 47 1412 281 1607
0 2131 1368 2245 1545
0 1796 205 1876 457
0 21 257 218 455
0 1999 125 2181 217
0 1774 705 1931 787
0 1977 527 2179 804
0 2172 541 2266 793
0 403 864 543 1077
0 1737 1241 1948 1341
 
 
