0 1488 665 1684 851
0 363 988 603 1091
0 660 975 934 1125
0 806 639 1219 890
0 1672 1021 1859 1243
0 1132 988 1279 1235
0 852 530 1171 622
0 232 649 491 872
0 1930 780 2221 870
0 42 978 321 1100
0 970 990 1109 1257
0 1291 994 1424 1202
0 536 642 764 862
0 1457 995 1616 1187
0 30 220 429 382
0 285 455 544 632
0 847 182 1126 387
0 504 180 834 380
0 1 673 196 903
0 329 1116 606 1302
0 942 436 1202 518
0 32 1098 324 1280
0 1221 150 1584 373
0 642 1125 966 1317
0 7 472 221 650
0 946 52 1155 165
0 1986 1112 2221 1385
0 1865 182 2059 388
0 2101 168 2272 385
0 1277 1481 1466 1702
0 823 1484 1049 1697
0 503 1458 741 1700
0 219 1473 330 1670
0 1414 1268 1712 1372
0 1495 1525 1661 1704
0 1860 1497 2049 1702
0 1683 1527 1814 1702
0 1246 662 1461 867
0 2066 1535 2221 1692
0 1241 15 1486 145
