0 1454 540 1669 709
0 1717 521 1973 702
0 1603 1380 1898 1641
0 237 304 443 563
0 472 284 685 554
0 1443 896 1663 1071
0 852 847 1021 1085
0 1428 364 1684 505
0 306 843 493 1047
0 1124 343 1389 512
0 173 1305 324 1482
0 316 646 511 800
0 1645 1288 1880 1373
0 1336 1269 1534 1430
0 1162 58 1374 282
0 538 837 730 1045
0 1651 62 1914 297
0 1394 33 1629 280
0 735 242 911 522
0 1921 1411 2208 1582
0 1 271 71 525
0 196 1125 343 1274
0 836 1335 1014 1557
0 2002 416 2264 715
0 160 617 306 777
0 1165 890 1274 1062
0 778 63 929 215
0 1 777 121 1017
0 1124 510 1388 685
0 753 847 842 1042
0 1712 392 1942 501
0 1728 890 1951 1090
0 1925 1289 2158 1377
0 1993 105 2269 307
0 16 1299 156 1475
0 352 1301 506 1510
0 76 268 216 520
0 134 822 294 1035
0 1089 1262 1281 1422
0 701 1327 819 1525
0 9 635 146 770
0 521 1330 686 1520
0 1 1112 138 1277
0 553 1152 731 1237
0 537 30 735 248
0 382 30 582 241
0 235 56 390 227
 
