0 1902 267 2067 544
0 2089 279 2266 523
0 1688 287 1894 550
0 1193 911 1394 1161
0 1434 913 1623 1168
0 383 319 571 550
0 591 325 773 562
0 925 315 1155 532
0 538 1263 743 1442
0 1199 316 1399 540
0 958 904 1166 1177
0 1427 289 1656 580
0 143 879 319 1140
0 492 906 715 1175
0 1211 652 1386 862
0 734 909 933 1167
0 758 1346 962 1441
0 1620 640 1761 874
0 1688 179 1899 260
0 1644 908 1811 1160
0 961 688 1152 864
0 1442 80 1658 175
0 1001 196 1145 272
0 1983 863 2141 1130
0 1824 872 1951 1122
0 1683 78 1893 172
0 1192 1462 1369 1702
0 978 1464 1151 1700
0 1405 1486 1619 1690
0 749 1469 932 1692
0 1637 1463 1823 1696
0 518 1474 719 1704
0 281 1468 500 1704
0 106 1472 291 1704
0 1962 1377 2126 1603
0 1814 1378 1931 1617
0 786 302 871 560
0 1406 187 1649 267
0 1198 212 1393 282
0 761 802 961 882
0 509 640 739 890
0 1374 1257 1549 1380
0 1413 642 1596 880
0 1561 1260 1753 1382
0 1776 1272 1936 1372
0 1935 796 2103 859
