0 1199 1173 1404 1377
0 813 706 1129 917
0 264 1012 506 1152
0 1584 116 1866 305
0 572 294 668 469
0 1565 327 1829 515
0 45 759 416 895
0 830 1169 1171 1382
0 208 1156 485 1375
0 498 1175 763 1357
0 1234 718 1529 942
0 2021 760 2206 960
0 439 290 551 487
0 1 135 249 300
0 1 1165 168 1406
0 1 315 254 497
0 693 258 801 504
0 1111 339 1264 497
0 499 715 819 902
0 1794 748 1991 960
0 653 1500 908 1604
0 298 1509 619 1601
0 1251 1538 1393 1700
0 924 1542 1071 1695
0 66 1491 283 1584
0 638 1625 886 1697
0 1414 1540 1560 1706
0 1583 1549 1806 1680
0 308 1616 550 1704
0 1107 1536 1216 1695
0 1 1606 308 1698
0 1853 1295 2164 1402
0 1928 1597 2242 1704
0 519 80 639 272
0 656 92 739 255
0 781 82 879 277
0 801 307 1019 480
0 1264 300 1454 487
0 1191 232 1339 305
0 1861 235 2034 517
0 2044 262 2211 507
0 1 1022 229 1167
0 816 1040 1164 1150
0 1441 1187 1624 1382
0 927 564 1145 719
