0 2057 847 2482 1201
0 78 4 549 545
0 554 10 943 533
0 952 18 1381 566
0 1419 21 1852 592
0 1890 63 2228 595
0 157 780 402 1271
0 402 971 643 1316
0 654 918 928 1307
0 940 992 1096 1330
0 1110 998 1475 1318
0 1531 948 1896 1304
0 757 1483 913 1845
0 599 1480 763 1842
0 284 1477 452 1848
0 463 1480 604 1857
0 7 1498 204 1868
0 925 1495 1040 1842
0 1049 1498 1169 1848
0 1196 1477 1316 1860
0 1340 1498 1502 1851
0 1581 1486 1728 1845
0 1802 1474 1940 1848
0 2257 245 2522 624
0 1949 1489 2052 1851
0 2369 1501 2499 1851
0 2090 1524 2193 1883
0 2222 1560 2302 1839
0 2304 24 2587 233
 
