0 2390 1315 2581 1719
0 1949 1163 1949 1163
0 28 80 575 392
0 69 424 602 730
0 110 766 619 1083
0 169 1130 652 1392
0 102 1560 104 1566
0 13 1433 240 1871
0 207 1430 654 1877
0 652 1424 1069 1877
0 1072 1395 1522 1857
0 1628 1389 2087 1839
0 575 116 1102 448
0 599 471 1107 777
0 599 804 1131 1086
0 637 1107 1228 1363
0 1666 51 2178 368
0 1681 395 2163 730
0 1649 745 2154 1051
0 1646 1074 2143 1348
0 1110 54 1654 383
0 1104 389 1657 730
0 1128 736 1546 1068
0 1240 1110 1622 1342
0 2196 45 2443 448
0 2181 710 2352 1036
0 2187 1060 2334 1377
0 2178 477 2407 683