0 384 10 919 377
0 387 404 925 827
0 940 392 1449 857
0 966 24 1484 404
0 1502 430 2037 907
0 2099 66 2592 460
0 978 921 1310 1289
0 625 924 960 1292
0 1334 916 1687 1292
0 1716 933 1981 1307
0 2310 1463 2592 1869
0 1904 1466 2287 1792
0 1449 1563 1743 1871
0 1081 1624 1410 1895
0 504 1610 716 1886
0 740 1607 946 1895
0 954 1604 1187 1718
0 340 927 613 1277
0 2 313 219 613
0 25 636 354 821
0 22 863 354 1010
0 69 1454 254 1877
0 2013 1036 2225 1321
0 2116 468 2531 789
0 2066 786 2463 1080
