0 493 27 966 321
0 1004 21 1472 330
0 1493 10 1940 336
0 472 342 960 671
0 466 686 940 995
0 981 333 1466 663
0 1502 336 1963 680
0 1975 7 2449 316
0 487 1018 969 1307
0 487 1313 946 1621
0 481 1651 960 1944
0 966 1648 1454 1936
0 993 1324 1466 1636
0 1981 933 2431 1224
0 1993 1260 2463 1592
0 1484 1318 1987 1621
0 1478 1636 1987 1944
0 2052 1616 2478 1936
0 1152 827 1578 1304
0 16 1133 328 1598
0 4 660 357 1124
0 2 168 287 648
0 1978 624 2422 921
0 1987 324 2440 624
0 72 1745 454 1942
0 1499 701 1949 901
0 1604 1042 1957 1233