0 1675 110 2190 774
0 993 104 1616 757
0 343 124 966 757
0 2287 45 2552 524
0 566 918 1049 1418
0 1057 939 1537 1439
0 1560 933 2022 1433
0 2049 954 2499 1418
0 1322 1618 1407 1883
0 1410 1621 1475 1883
0 1490 1616 1519 1868
0 1525 1613 1572 1880
0 1031 1624 1102 1877
0 1166 1616 1269 1883
0 1263 1624 1328 1898
0 1102 1607 1163 1880
0 899 1621 960 1857
0 969 1621 1025 1895
0 1593 1613 1634 1871
0 1652 1616 1725 1886
0 1754 1624 1816 1871
0 1857 1630 1910 1871
0 1940 1627 2002 1886
0 252 1595 363 1830
0 2031 1621 2084 1910
0 2107 1589 2178 1904
0 2202 1595 2254 1898
0 2275 1598 2337 1889
0 2346 1595 2410 1886
0 2431 1604 2504 1889
0 2519 1616 2590 1904
0 637 1624 699 1880
0 716 1621 769 1904
0 775 1630 840 1874
0 840 1621 916 1886
0 99 1586 216 1830
0 325 927 549 1424
