0 49 68 534 616
0 510 213 881 618
0 510 10 1178 386
0 1210 4 1822 618
0 2137 451 2143 466
0 1887 13 2390 601
0 1219 877 1728 1371
0 1810 827 2260 1383
0 584 851 1166 1333
0 119 1013 496 1239
0 1013 1660 1181 1921
0 1193 1633 1290 1942
0 1299 1633 1363 1944
0 1375 1639 1419 1939
0 1443 1616 1496 1944
0 1516 1618 1578 1939
0 1593 1610 1654 1936
0 813 1601 925 1930
0 149 1601 344 1944
0 337 1651 487 1933
0 1681 1624 1728 1933
0 1819 1607 1881 1927
0 1749 1624 1793 1936
0 1910 1610 1972 1944
0 2066 1618 2139 1944
0 2002 1610 2060 1910
0 2304 1580 2387 1898
0 2234 1589 2293 1910
0 2160 1598 2225 1913
0 2543 1583 2546 1630
0 2404 1598 2502 1883
0 2360 833 2592 1398
0 652 1689 790 1942
0 504 1733 640 1936
