0 196 98 702 424
0 719 154 1231 486
0 731 492 1254 813
0 734 824 1260 1142
0 728 1163 1254 1486
0 728 1507 1269 1827
0 1249 168 1728 507
0 1266 524 1737 818
0 1260 821 1743 1157
0 1269 1166 1749 1492
0 1278 1510 1757 1821
0 169 1101 728 1748
0 199 439 716 1098
0 1784 1113 2240 1430
0 1769 771 2228 1113
0 1802 1445 2263 1751
0 1746 395 2252 780
0 1740 66 2257 392
0 2278 213 2587 545
0 2243 845 2584 1130
0 2266 551 2592 844
0 2246 1133 2590 1424
0 2275 1448 2592 1749
0 1799 1783 2285 1944
