0 163 493 388 930
0 1416 437 1596 721
0 2431 988 2611 1445
0 1655 1227 1828 1566
0 2078 830 2311 1330
0 1320 856 1540 1130
0 1557 845 1766 1142
0 1307 492 1404 718
0 1202 495 1294 713
0 1397 1236 1555 1563
0 822 877 916 1107
0 933 892 1069 1118
0 930 1295 1047 1552
0 313 1048 572 1474
0 769 336 984 727
0 2 54 360 182
0 1104 890 1302 1116
0 1613 404 1828 733
0 1110 482 1188 718
0 1566 1353 1659 1577
0 1 485 149 942
0 10 1024 260 1424
0 1893 1289 2046 1574
0 396 551 543 944
0 1946 841 2065 1145
0 1786 851 1899 1148
0 2405 413 2592 721
0 2317 997 2434 1445
0 1734 1686 1897 1944
0 1237 1248 1387 1571
0 766 1713 887 1933
0 1487 1687 1667 1944
0 1890 1677 2046 1939
0 1063 1263 1224 1550
0 761 1321 907 1566
0 313 1578 511 1857
0 1283 1703 1391 1937
0 1153 1713 1263 1944
0 914 1754 1016 1935
0 575 1354 743 1551
0 1042 1725 1142 1930
0 637 1732 747 1933
0 2066 1621 2310 1939
0 525 1630 647 1880
0 367 8 590 168
0 610 1 769 139
0 787 1 972 136
0 1043 1 1507 121
0 1507 1 1917 121
0 552 530 766 757
0 993 516 1037 713
0 1037 477 1102 716
0 2063 1342 2366 1630
0 2378 1663 2592 1937
0 19 1577 293 1918
0 666 824 810 1124
0 1837 360 2078 724
