0 1636 1421 1831 1727
0 1663 777 1868 1098
0 1663 427 1899 754
0 702 957 1399 1089
0 284 645 672 1070
0 707 779 1419 948
0 737 575 1437 766
0 1895 389 2052 601
0 1425 168 1649 405
0 1463 433 1669 754
0 1669 295 1871 416
0 2134 674 2540 1110
0 1030 1433 1307 1901
0 410 1318 722 1886
0 1852 1321 2042 1718
0 738 1366 1046 1888
0 1310 1427 1613 1913
0 85 1268 396 1867
0 2234 1490 2329 1727
0 2343 1487 2440 1739
0 2455 1501 2555 1733
0 2038 1463 2127 1721
0 1679 1831 1801 1950
0 1837 1845 1937 1946
0 7 542 257 1066
0 1446 777 1643 1110
0 1881 818 2122 1101
0 1919 624 2072 813
0 1666 166 1884 295
0 1902 160 2055 351
0 2137 1463 2216 1736
