0 840 221 1349 724
0 2409 891 2574 1116
0 866 845 1390 1298
0 1690 192 1934 613
0 2202 793 2325 1107
0 2081 829 2181 1093
0 1390 183 1675 580
0 19 816 263 1139
0 2031 10 2222 180
0 2178 354 2328 645
0 2090 1247 2220 1449
0 2276 1212 2410 1428
0 2502 381 2589 642
0 1914 1244 2055 1435
0 2353 376 2487 660
0 1940 877 2063 1086
0 2018 383 2141 631
0 2427 1229 2544 1384
0 2449 1 2584 176
0 2246 8 2430 192
0 1340 1377 1802 1686
0 939 1354 1322 1683
0 1 1326 274 1603
0 2148 1637 2294 1788
0 1900 1577 2040 1763
0 2360 1597 2482 1699
0 2349 1694 2465 1796
0 610 1318 913 1680
0 302 1286 590 1574
0 260 974 602 1207
0 469 195 837 724
0 255 586 255 586
 
