0 763 683 1260 1142
0 1040 63 1290 492
0 1586 33 1910 545
0 2356 1591 2496 1786
0 375 24 661 523
0 684 27 1002 504
0 2068 796 2202 1068
0 2006 1230 2098 1494
0 1587 639 1852 1018
0 2120 1218 2257 1507
0 1902 801 2050 1066
0 1305 636 1563 998
0 2363 802 2469 1048
0 2320 352 2459 627
0 1925 342 2096 623
0 2131 286 2307 636
0 1872 1277 1963 1500
0 2231 809 2357 1080
0 2455 1251 2557 1504
0 2483 315 2580 623
0 2252 1210 2347 1410
0 810 1260 1260 1683
0 2002 1614 2178 1857
0 1813 1601 1990 1851
0 852 1763 1206 1916
0 1246 1780 1655 1921
0 2191 1601 2349 1836
0 2335 1303 2448 1502
0 2487 786 2590 1089
0 13 1727 226 1944
0 252 1710 524 1944
0 2 1224 202 1560
0 213 1395 584 1616
0 1313 71 1496 433
0 381 307 381 307
0 457 671 743 1133
0 557 1745 804 1936
