0 1590 1165 1788 1483
0 1810 1068 2034 1477
0 1881 233 2266 704
0 1188 1243 1276 1457
0 1273 1244 1386 1464
0 1090 1246 1176 1442
0 984 1240 1080 1432
0 1078 521 1455 889
0 22 798 425 913
0 5 633 428 786
0 1401 1196 1567 1464
0 19 474 417 609
0 477 330 638 602
0 861 289 997 462
0 3 1163 174 1633
0 2337 1148 2581 1463
0 1314 1622 1482 1892
0 1533 1644 1748 1877
0 790 1610 897 1859
0 172 1236 381 1645
0 1095 1624 1261 1881
0 1744 1592 1872 1901
0 926 1628 1057 1855
0 284 1751 502 1944
0 769 1074 953 1474
0 696 1633 777 1850
0 390 1307 525 1637
0 1912 1584 2066 1911
0 2440 1748 2570 1944
0 2308 1748 2405 1933
0 457 83 669 324
0 681 71 855 316
0 872 57 1013 245
0 669 339 857 607
0 878 463 993 674
0 452 633 605 907
0 622 607 796 930
0 813 657 999 921
0 1475 107 1863 504
0 1469 521 1878 904
0 2272 107 2590 486
0 2299 492 2575 860
0 528 1242 743 1463
0 2057 1524 2305 1936
0 10 1766 207 1942
