0 1352 576 1519 854
0 1222 577 1346 871
0 2360 1649 2594 1944
0 1763 357 1952 444
0 1718 1043 1874 1276
0 1407 1747 1678 1930
0 972 1005 1130 1263
0 2143 1586 2328 1907
0 13 516 405 916
0 1890 1115 2057 1315
0 1575 562 1779 847
0 1495 992 1597 1276
0 1316 104 1482 445
0 1275 1019 1389 1271
0 1840 563 1990 857
0 1134 597 1228 821
0 7 998 356 1381
0 730 635 842 837
0 1379 993 1482 1239
0 869 617 962 832
0 754 1016 871 1234
0 810 166 973 433
0 423 524 587 813
0 1010 616 1123 836
0 1660 235 1775 463
0 1009 116 1116 421
0 1481 118 1657 448
0 1611 1000 1705 1245
0 349 1 579 374
0 25 30 275 363
0 1140 124 1310 439
0 881 1010 969 1242
0 643 163 785 438
0 1153 1072 1269 1246
0 2005 580 2187 868
0 2190 1333 2578 1548
0 2006 152 2169 477
0 2270 1169 2513 1327
0 956 1364 1101 1570
0 1118 1400 1257 1559
0 802 1357 931 1559
0 34 1485 339 1789
0 1584 1412 1716 1588
0 1795 1416 1972 1589
0 894 1708 1030 1881
0 1304 1376 1419 1519
0 349 1513 772 1777
0 1247 1716 1361 1826
0 1102 1761 1200 1903
0 1878 1830 2049 1923
0 1691 1762 1817 1894
0 602 563 731 810
0 1237 1824 1390 1939
0 1834 168 1931 351