0 882 1143 1137 1568
0 1397 1200 1653 1585
0 1729 507 1934 821
0 1784 967 1907 1236
0 1161 1184 1351 1532
0 419 433 778 1010
0 314 1118 552 1580
0 807 451 1090 1026
0 1096 516 1387 1027
0 566 1121 860 1577
0 1399 577 1663 1021
0 134 418 390 1027
0 2102 987 2222 1266
0 1943 953 2030 1260
0 710 33 1484 171
0 1949 413 2120 808
0 2213 574 2307 817
0 2331 586 2446 824
0 2268 1007 2446 1254
0 2461 595 2528 824
0 605 1718 1093 1944
0 1173 1757 1393 1937
0 1899 1445 2078 1739
0 1429 1769 1673 1940
0 1708 1829 1831 1936
0 2249 1463 2420 1754
0 1705 1454 1875 1728
0 2440 1481 2592 1748
0 2100 1461 2221 1742
0 1519 1 1760 168
0 1772 1 1990 168
0 2010 1 2246 174
0 2263 1 2575 166
0 2143 574 2205 821
0 2481 1001 2590 1277
0 219 1739 572 1936
0 25 1610 207 1854
0 25 1401 255 1598
0 34 1142 260 1366
0 2 816 140 1116
0 234 183 234 183
0 231 1 657 180
 
