0 337 730 546 1015
0 422 1097 606 1321
0 273 367 503 654
0 1192 892 1338 1043
0 161 1107 306 1309
0 1013 114 1149 297
0 1492 887 1648 1049
0 303 1115 431 1310
0 1344 895 1498 1050
0 184 730 343 1002
0 676 532 813 670
0 1121 1137 1261 1351
0 386 111 738 297
0 1366 79 1557 277
0 1057 887 1193 1043
0 1001 540 1173 680
0 601 1102 753 1327
0 1551 1128 1798 1257
0 816 535 1003 677
0 1180 138 1373 287
0 763 126 1023 297
0 1601 557 1946 680
0 1576 21 1926 290
0 756 1130 863 1347
0 28 1095 166 1295
0 21 732 186 994
0 511 534 656 675
0 755 782 916 1020
0 994 1115 1118 1350
0 1597 451 1943 552
0 1289 1144 1516 1235
0 301 1387 451 1587
0 1212 1529 1463 1660
0 458 1390 634 1590
0 1556 1252 1813 1370
0 178 1380 303 1577
0 58 1367 176 1565
0 944 1521 1218 1637
0 679 1504 953 1620
0 1281 1239 1528 1347
0 673 1414 941 1500
0 1230 1441 1493 1517
0 951 1432 1221 1520
0 866 1125 981 1341
0 913 772 1053 1030
0 1063 435 1231 537
0 893 437 1058 535
0 1568 367 1921 452