0 1949 1506 2207 1818
0 2253 1512 2592 1842
0 230 415 613 1118
0 7 578 224 1038
0 6 1466 247 1803
0 939 1355 1202 1509
0 707 1543 959 1812
0 433 1618 684 1812
0 970 1698 1219 1829
0 416 1355 682 1598
0 1237 1486 1473 1691
0 972 1526 1219 1670
0 1224 1698 1470 1838
0 479 1 773 195
0 770 192 770 192
0 2 1 153 218
0 339 21 473 192
0 962 49 1142 192
0 1147 6 1484 203
0 1490 1 1667 203
0 1662 203 1662 203
0 1250 1275 1496 1415
0 1270 1278 1270 1278
0 964 1235 1210 1355
0 1290 923 1290 923
0 2016 989 2016 989
0 2013 992 2013 992
0 2247 1483 2247 1483
0 2084 1323 2247 1481
0 2262 1332 2592 1491
0 939 1361 939 1361
 
 
 
 
