0 785 589 936 1001
0 1590 75 1816 323
0 1693 529 2024 975
0 422 970 553 1321
0 283 969 407 1309
0 627 623 787 1021
0 964 575 1196 989
0 612 1 833 301
0 482 501 621 829
0 1827 143 2090 329
0 1319 135 1551 294
0 850 6 1090 301
0 147 1001 276 1321
0 227 499 339 829
0 343 489 464 835
0 556 1016 676 1315
0 2099 3 2339 146
0 1 1005 133 1303
0 2094 149 2339 340
0 702 1138 1462 1701
0 710 1709 1510 1846
0 4 1518 119 1854
0 127 1558 253 1843
0 473 1561 565 1806
0 362 1613 467 1838
0 252 1637 370 1881
0 570 1496 687 1835
0 1073 303 1073 303
0 2347 89 2592 295
0 2590 295 2590 295
0 1 532 216 858
0 216 823 216 823
0 1342 449 1616 806
0 1616 806 1616 806
0 2222 443 2507 1009
0 2513 1012 2513 1012
0 1850 9 2087 135
0 2087 135 2087 135
