0 683 9 990 332
0 1184 1552 1427 1729
0 230 1628 475 1941
0 444 706 742 1266
0 1004 1 1217 332
0 1030 552 1413 1249
0 762 669 924 1075
0 1236 1 1570 352
0 1704 1342 1905 1441
0 2024 6 2302 366
0 2299 1 2533 363
0 1930 1338 2122 1503
0 492 1638 707 1938
0 707 1658 953 1937
0 1702 1463 1930 1606
0 1 1645 213 1938
0 1430 1635 1684 1926
0 1715 1598 1919 1741
0 1943 1535 2149 1742
0 1954 1746 2164 1902
0 1712 1741 1919 1904
0 379 6 673 321
0 124 9 367 226
0 262 972 436 1372
0 2 1089 216 1426
0 1184 1741 1410 1943