0 1450 1332 1750 1669
0 1042 669 1313 898
0 599 777 847 1115
0 359 775 596 1098
0 1567 784 1790 945
0 262 1301 396 1595
0 1323 849 1550 1095
0 1827 923 2027 1096
0 681 6 807 346
0 1579 618 1804 773
0 1569 941 1793 1098
0 1824 758 2050 921
0 346 7 667 352
0 933 3 1304 381
0 1479 1238 1756 1323
0 1044 903 1302 1101
0 567 1366 739 1755
0 408 1389 550 1778
0 759 1375 947 1732
0 202 1763 311 1929
0 122 1328 248 1590
0 55 1750 174 1935
0 11 1315 116 1620
0 312 1767 401 1920
0 490 463 673 738
0 682 463 859 735
0 2544 903 2544 903
0 139 101 324 523
0 322 523 322 523
