0 1220 601 1471 1100
0 412 627 555 1041
0 736 588 901 1042
0 1508 665 1712 1121
0 1751 763 1954 1128
0 1001 611 1194 1090
0 599 652 718 993
0 907 19 1099 362
0 1490 6 1786 360
0 651 56 854 366
0 1137 26 1433 357
0 227 7 498 361
0 2034 838 2337 1120
0 2163 109 2502 352
0 1833 14 2091 366
0 2033 560 2316 811
0 2366 843 2569 1123
0 2351 502 2553 776
0 2313 1247 2566 1381
0 1470 1270 1708 1799
0 1178 1245 1440 1735
0 1725 1275 2012 1774
0 704 1223 911 1658
0 926 1274 1148 1717
0 347 1262 660 1716
0 2063 1504 2357 1786
0 2387 1473 2592 1724
0 7 281 218 641
0 16 809 190 1098
0 104 1146 341 1355
0 96 1398 236 1635
0 156 1678 321 1883