0 1888 1578 2129 1903
0 1423 1592 1566 1930
0 589 217 798 723
0 312 226 567 749
0 854 218 1015 713
0 1287 223 1466 698
0 696 865 876 1308
0 86 226 287 733
0 1031 240 1202 711
0 900 901 1101 1344
0 82 938 273 1247
0 299 893 579 1244
0 1500 230 1597 609
0 1273 1127 1400 1377
0 1116 1058 1256 1329
0 1422 1117 1517 1319
0 2193 881 2438 1338
0 1937 919 2152 1289
0 2320 240 2555 700
0 2466 881 2603 1333
0 1944 313 2161 690
0 824 1544 951 1877
0 1136 1605 1291 1896
0 692 1565 823 1839
0 984 1624 1099 1888
0 504 1548 686 1876
0 2192 1534 2286 1746
0 1303 1617 1422 1925
0 1744 1764 1875 1944
0 1903 1761 2022 1939
0 2299 1503 2486 1888
0 2110 1539 2208 1757
0 238 1652 378 1858
0 24 1543 130 1803
0 398 1575 498 1866
0 147 1486 236 1743
