0 687 441 902 669
0 620 1542 962 1762
0 2287 1116 2587 1510
0 2304 913 2583 1098
0 156 444 402 675
0 713 1106 1043 1474
0 1056 1073 1419 1507
0 1469 1095 1857 1512
0 1875 1104 2246 1501
0 1188 239 1524 678
0 353 1095 672 1451
0 1540 243 1927 675
0 767 781 1046 1116
0 927 413 1175 678
0 423 442 678 664
0 260 812 568 1068
0 158 1087 334 1430
0 1464 882 1860 1089
0 1083 880 1434 1066
0 159 96 331 430
0 1949 208 2322 680
0 1880 903 2246 1077
0 2337 229 2592 701
0 262 1529 564 1764
0 1215 1668 1507 1924
0 570 1828 819 1936
0 1529 1660 1841 1944
0 853 1829 1152 1944
0 248 1787 502 1933
0 1953 1705 2331 1944
0 2435 1658 2588 1938
 
