0 764 192 1101 526
0 395 223 707 535
0 1143 179 1496 512
0 645 898 890 1209
0 1552 177 1903 519
0 1299 966 1593 1252
0 959 937 1229 1188
0 240 952 547 1252
0 28 218 312 532
0 1667 980 1939 1325
0 673 671 926 846
0 986 663 1227 827
0 1285 653 1547 845
0 821 1536 1046 1739
0 1437 1517 1703 1772
0 491 1501 748 1742
0 276 1448 443 1723
0 1122 1547 1354 1745
0 1 1429 237 1818
0 2328 1492 2583 1753
0 2313 966 2567 1289
0 2350 672 2576 929
0 2361 192 2576 538
0 1701 1426 1913 1669
0 387 645 649 810
0 1596 651 1872 842
0 19 7 331 177
0 424 1 766 153
0 802 1 1160 154
0 1178 4 1546 145
0 4 804 193 1295
 
