0 381 221 593 695
0 569 854 814 1352
0 822 855 997 1356
0 22 177 260 680
0 1276 863 1449 1331
0 326 876 521 1350
0 81 846 280 1345
0 1326 304 1453 662
0 1004 891 1154 1398
0 975 217 1086 675
0 1110 269 1273 690
0 1475 301 1615 666
0 2088 870 2191 1235
0 2234 195 2491 712
0 2358 905 2540 1407
0 1915 902 2114 1320
0 1968 267 2072 697
0 669 1528 858 1925
0 875 1558 1059 1926
0 53 1522 231 1837
0 269 1540 518 1840
0 1087 1706 1212 1950
0 1244 1753 1366 1942
0 1387 1742 1488 1920
0 2195 1549 2436 1923
0 1921 1584 2144 1921
0 2471 1541 2606 1946
0 641 226 757 692
0 770 175 933 692
0 1756 181 1924 683
