0 1761 51 2069 668
0 1130 66 1382 643
0 1598 817 1841 1290
0 819 74 1074 658
0 578 75 796 607
0 134 103 469 704
0 1437 67 1729 701
0 1323 856 1507 1283
0 1017 847 1235 1296
0 881 844 1007 1227
0 1881 828 2092 1221
0 343 903 510 1376
0 534 920 697 1345
0 729 923 855 1258
0 45 1079 171 1358
0 2113 341 2468 689
0 2146 996 2436 1254
0 936 1490 1193 1944
0 1661 1528 1854 1944
0 1426 1538 1651 1956
0 1197 1513 1406 1949
0 528 1481 721 1750
0 752 1486 940 1784
0 581 1203 713 1340
0 390 1206 525 1350
0 2390 1509 2592 1823
0 340 1436 504 1580
0 2046 7 2360 248
0 2384 10 2575 283
