0 923 704 1146 1241
0 1209 703 1438 1239
0 691 705 901 1174
0 341 75 522 548
0 1493 696 1745 1297
0 1190 1 1474 544
0 973 30 1169 530
0 666 48 846 525
0 1788 121 2046 556
0 1513 18 1769 570
0 306 736 654 1259
0 1801 733 2045 1288
0 2066 243 2456 571
0 2123 973 2437 1275
0 2114 1427 2419 1509
0 1611 1427 1861 1794
0 1088 1409 1270 1883
0 1383 1440 1540 1803
0 426 1464 613 1847
0 952 1407 1066 1739
0 635 1445 772 1831
0 803 1420 919 1783
0 1897 1467 2059 1734
0 2132 1539 2419 1788
0 2429 1525 2575 1777
0 2398 681 2576 903
0 2054 663 2322 848
