0 427 1647 691 1934
0 1501 329 1791 831
0 1193 305 1458 839
0 930 345 1154 836
0 699 440 879 839
0 1246 1051 1482 1571
0 1511 1092 1738 1598
0 458 1064 631 1496
0 1032 1028 1225 1527
0 768 1007 948 1451
0 300 353 542 836
0 648 1098 752 1433
0 1814 328 2054 856
0 2148 584 2416 845
0 2029 1024 2291 1233
0 2347 959 2578 1236
0 2285 408 2489 548
0 2437 580 2599 852
0 1242 1684 1451 1967
0 1755 1701 2006 1930
0 1750 1257 1976 1572
0 1499 1710 1697 1945
0 764 1668 962 1935
0 964 1685 1188 1920
0 2035 1284 2331 1551
0 2303 1668 2547 1779
0 2352 1241 2587 1586
0 2357 1807 2542 1906
0 2070 1835 2337 1944
