0 757 1535 948 1927
0 957 1557 1132 1942
0 1146 1530 1338 1942
0 1960 178 2134 510
0 1581 1057 1733 1330
0 753 160 969 492
0 1426 1061 1587 1339
0 777 632 965 928
0 1760 1068 1879 1321
0 1015 622 1196 942
0 978 152 1176 492
0 1204 631 1431 942
0 525 630 758 954
0 495 155 737 516
0 276 628 502 963
0 1 602 219 918
0 1208 158 1434 507
0 1440 622 1604 939
0 1613 603 1749 913
0 1947 618 2094 915
0 510 1097 733 1348
0 310 1072 512 1351
0 752 1073 955 1351
0 1228 1072 1414 1330
0 294 154 487 513
0 1761 639 1931 918
0 1652 157 1810 504
0 969 1093 1170 1336
0 1478 155 1634 507
0 87 1085 243 1301
0 1816 157 1959 504
0 1 151 175 489
0 2431 1108 2512 1275
0 2210 215 2390 507
0 1899 1077 2048 1342
0 2325 1090 2407 1273
0 2399 204 2566 510
0 2516 1117 2597 1288
0 539 1538 722 1944
0 257 1482 499 1944
0 1381 1560 1559 1942
0 1768 1536 1963 1936
0 1574 1555 1772 1944
0 25 1479 237 1944
0 2323 1667 2447 1878
0 2199 1646 2298 1883
0 1975 1508 2155 1927
0 2281 622 2574 910
