0 1125 363 1307 654
0 1552 392 1725 660
0 940 350 1120 654
0 535 376 710 666
0 711 377 922 654
0 1749 395 1933 692
0 2069 313 2186 683
0 2166 1395 2369 1754
0 1316 360 1513 671
0 2419 826 2592 1221
0 942 908 1128 1227
0 2252 261 2356 695
0 332 356 537 654
0 1284 928 1509 1216
0 163 388 323 666
0 731 899 899 1210
0 531 886 713 1201
0 1514 894 1710 1221
0 2062 915 2202 1245
0 2240 912 2399 1239
0 2358 457 2543 683
0 1813 948 2022 1233
0 1820 1405 1954 1718
0 1687 1388 1797 1728
0 1963 1398 2087 1739
0 1137 1375 1267 1680
0 1028 1367 1137 1695
0 1551 1381 1652 1730
0 569 1366 657 1642
0 349 1362 540 1651
0 881 1393 1003 1675
0 1420 1384 1549 1721
0 1276 1378 1399 1727
0 128 1370 322 1627
0 354 889 528 1213
