0 626 1560 806 1843
0 366 637 538 1010
0 818 1567 1057 1848
0 931 661 1119 1010
0 1296 1588 1436 1901
0 424 1141 560 1463
0 363 116 567 489
0 375 1579 634 1839
0 1142 661 1287 1016
0 1516 656 1662 998
0 2128 1178 2214 1480
0 2004 1198 2108 1492
0 1634 1209 1738 1474
0 1347 653 1478 1010
0 1 624 128 977
0 570 627 746 1010
0 1 111 116 480
0 958 123 1134 471
0 1160 126 1290 492
0 1835 164 2004 507
0 2025 173 2184 495
0 1301 130 1410 477
0 19 1118 166 1424
0 759 634 913 1001
0 1757 1195 1863 1480
0 1866 1198 1992 1474
0 2019 1609 2164 1909
0 1678 1609 1804 1925
0 1475 1599 1646 1909
0 2167 1630 2296 1912
0 15 1547 166 1880
0 1278 1161 1369 1436
0 1381 1159 1489 1439
0 955 1147 1110 1477
0 1852 1635 1985 1917
0 2228 1186 2306 1483
0 2419 1161 2533 1386
0 584 127 760 477
0 793 121 943 507
0 1475 142 1640 492
0 1660 130 1804 492
0 2219 168 2396 513
0 149 645 275 971
0 1819 680 2019 1016
0 2037 671 2184 1027
0 2210 677 2357 1036
0 596 1163 728 1460
0 754 1151 952 1489
0 1137 1157 1254 1430
