0 440 168 633 532
0 644 736 852 1104
0 238 168 434 528
0 952 192 1190 566
0 1587 751 1782 1130
0 864 739 1031 1094
0 696 210 900 557
0 772 1704 918 1956
0 442 745 619 1107
0 1637 1254 1863 1571
0 1210 202 1416 577
0 1381 1257 1602 1562
0 1773 760 1940 1101
0 1407 763 1578 1116
0 40 166 231 527
0 1725 224 1884 583
0 2385 780 2572 1116
0 1046 736 1190 1098
0 2434 295 2572 592
0 52 704 219 1089
0 25 1260 269 1568
0 291 1273 535 1581
0 553 1265 797 1573
0 1098 1240 1342 1548
0 1892 1242 2118 1559
0 2366 1252 2592 1569
0 36 1718 200 1929
0 396 1718 466 1944
0 481 1721 595 1944
0 628 1710 731 1944
0 931 1721 1035 1944
0 1108 1721 1212 1944
0 1238 1721 1342 1944
0 1345 1713 1449 1936
0 1493 1717 1597 1940
0 1611 1721 1715 1944
0 1727 1721 1831 1944
0 1852 1701 2048 1944
0 2350 1684 2592 1939
