0 910 1599 1084 1833
0 450 779 646 1086
0 665 1232 866 1542
0 1070 1227 1263 1518
0 1475 1210 1598 1495
0 1603 1221 1752 1480
0 276 1230 452 1501
0 462 1236 660 1521
0 364 385 513 666
0 532 390 681 677
0 1307 1220 1458 1477
0 229 394 357 686
0 877 1228 1069 1527
0 699 398 863 680
0 1765 1238 1895 1480
0 2307 1238 2441 1507
0 2431 1241 2586 1498
0 2272 1 2433 324
0 2499 825 2592 1057
0 2154 827 2346 1045
0 2452 7 2592 318
0 1598 1629 1706 1813
0 502 1636 683 1854
0 1307 1629 1425 1845
0 692 1642 881 1824
0 1737 1620 1857 1816
0 1100 1630 1266 1839
0 2425 1583 2580 1768
0 2102 1257 2298 1496
0 163 10 349 260
0 372 10 531 260
0 834 1 1016 242
0 1034 1 1196 251
0 1207 1 1363 252
0 1384 1 1546 271
0 1543 3 1710 265
0 1722 1 1910 304
0 1925 1 2075 301
0 1043 407 1196 671
0 1237 407 1387 692
0 1396 416 1499 683
0 1607 424 1716 686
0 1716 433 1825 698
0 1860 439 1969 707
0 2228 466 2381 718
0 2381 460 2543 727
0 2352 830 2487 1071
0 1834 818 1957 1080
0 1613 786 1687 1066
0 1399 783 1499 1092
0 1275 804 1378 1104
0 1107 810 1193 1089
0 987 789 1078 1095
0 852 798 963 1095
0 660 801 828 1092
0 216 795 457 1089
0 2266 1613 2407 1757
0 2066 1621 2249 1774
0 254 1660 490 1880
