0 2384 473 2592 804
0 917 1477 1125 1783
0 1237 345 1402 736
0 1407 350 1490 748
0 1357 913 1496 1298
0 1660 387 1776 777
0 1781 392 1918 763
0 907 923 1019 1301
0 1036 346 1154 766
0 1037 917 1158 1283
0 1499 923 1621 1274
0 1525 339 1666 751
0 1646 930 1766 1292
0 901 335 1010 742
0 1202 918 1349 1277
0 2128 939 2265 1307
0 1849 9 1978 189
0 1869 938 1997 1271
0 1990 1 2132 189
0 2219 412 2353 810
0 2013 955 2125 1304
0 2007 409 2211 801
0 1787 937 1871 1263
0 2172 1 2358 198
0 1675 1499 1846 1792
0 1128 1477 1307 1813
0 1506 1492 1672 1818
0 1324 1494 1499 1807
0 1857 1496 2025 1760
0 2047 1509 2166 1718
0 22 339 340 751
0 352 357 590 760
0 596 342 860 766
0 622 918 863 1301
0 325 916 584 1298
0 57 901 316 1301
0 110 1468 372 1810
0 366 1466 604 1798
0 607 1480 887 1801
0 1737 10 1846 195
0 1560 21 1669 174
