0 2095 715 2313 1133
0 1229 196 1413 448
0 2102 1339 2314 1771
0 1454 259 1630 457
0 219 240 389 465
0 1011 204 1202 468
0 421 202 578 468
0 1873 717 2072 1130
0 769 695 990 1089
0 619 222 781 477
0 1639 196 1837 468
0 1881 219 2087 463
0 575 668 734 1101
0 1457 738 1649 1113
0 832 234 1002 457
0 1240 715 1453 1110
0 370 1291 534 1680
0 963 1278 1149 1695
0 1178 1295 1391 1707
0 2337 1309 2545 1771
0 2293 224 2519 474
0 449 718 566 1086
0 216 713 402 1083
0 2331 727 2510 1136
0 1863 1327 2034 1757
0 1637 1318 1866 1751
0 1396 1301 1593 1730
0 154 1263 343 1666
