0 1522 1549 1745 1818
0 1768 1584 1952 1813
0 1782 530 1972 868
0 768 1575 915 1813
0 1940 1 2100 348
0 1281 1575 1499 1833
0 1574 1060 1752 1416
0 1546 1 1702 333
0 1743 6 1925 348
0 1985 1576 2163 1817
0 1397 535 1560 857
0 989 565 1161 886
0 591 1037 825 1354
0 720 558 831 882
0 1780 1052 1945 1325
0 837 1039 1059 1332
0 1090 1041 1328 1368
0 334 1027 560 1336
0 417 567 546 901
0 1197 554 1354 866
0 1952 1050 2125 1330
0 1572 528 1769 848
0 837 552 970 898
0 1381 1065 1572 1421
0 256 589 407 901
0 2113 1 2282 345
0 796 435 1037 542
0 281 1 546 266
0 2146 1037 2360 1350
0 2181 535 2438 860
0 1142 1588 1241 1841
0 586 1561 757 1821
0 393 1609 520 1845
0 1016 1612 1130 1863
0 563 16 799 283
0 816 4 1034 304
0 1360 4 1496 327
0 2299 1 2452 345
0 566 554 702 889
0 352 442 743 554
0 2183 1572 2283 1813
