0 757 735 917 1121
0 1091 804 1240 1163
0 1360 1324 1509 1645
0 1837 1343 1996 1692
0 2381 1359 2582 1718
0 2208 1356 2362 1640
0 216 180 493 537
0 918 748 1046 1145
0 422 717 563 1121
0 1704 806 1810 1204
0 1399 782 1512 1160
0 1837 821 1949 1198
0 560 727 687 1124
0 313 738 406 1136
0 1543 781 1699 1166
0 499 1303 720 1666
0 1237 1318 1348 1636
0 1099 1320 1240 1636
0 1636 1355 1760 1668
0 896 1306 1009 1668
0 757 1299 892 1651
0 520 216 797 573
0 1724 282 2001 639
0 7 186 178 516
0 1187 313 1404 598
0 1469 274 1684 613
0 2040 289 2281 674
0 10 701 113 1127
0 1966 816 2163 1210
0 1272 745 1399 1180
0 263 1301 484 1695
0 7 1292 222 1660
0 1531 1330 1613 1663
0 2028 1351 2166 1686
0 2454 851 2590 1210