0 469 1307 628 1674
0 644 1312 822 1692
0 837 1326 1010 1683
0 258 1305 443 1657
0 1737 1341 1919 1710
0 1739 821 1907 1183
0 488 770 663 1154
0 1042 1330 1190 1686
0 1358 825 1543 1189
0 1254 1331 1384 1701
0 1928 1355 2134 1701
0 884 343 1036 577
0 1424 1316 1560 1680
0 1952 385 2087 627
0 1590 414 1706 604
0 1479 384 1592 583
0 1352 410 1462 598
0 1787 390 1926 630
0 1072 808 1183 1145
0 721 351 845 560
0 1196 808 1313 1160
0 684 807 832 1142
0 2197 408 2319 624
0 860 805 1034 1154
0 274 779 484 1145
0 1931 832 2087 1174
0 1218 354 1331 601
0 1078 355 1216 592
0 1554 804 1701 1180
0 2098 412 2176 622
0 2144 1330 2296 1686
0 2463 1283 2592 1542
0 2484 404 2592 641
0 2099 842 2272 1216