0 456 654 1246 1130
0 1276 687 1834 1129
0 472 336 1139 644
0 1169 444 1651 626
0 1836 775 2161 985
0 320 1546 491 1704
0 497 1551 669 1704
0 679 1428 864 1692
0 877 1431 1059 1690
0 2023 8 2272 302
0 1061 1326 1187 1549
0 1241 1300 1379 1541
0 1413 1300 1541 1521
0 1192 1569 1346 1690
0 1446 1557 1599 1704
0 1579 1305 1715 1531
0 1725 1367 1872 1610
0 1902 1375 1972 1567
0 2028 1326 2113 1521
0 2077 1533 2214 1704
0 118 1559 305 1698
0 1979 1536 2023 1695
0 2166 1262 2269 1477
0 5 1498 105 1610