0 2 259 120 539
0 715 139 961 344
0 128 231 318 539
0 341 390 774 559
0 802 364 997 554
0 1047 147 1676 545
0 1 757 264 1226
0 274 867 628 1233
0 643 767 997 1249
0 1005 782 1351 1249
0 1375 850 1679 1244
0 1723 787 1966 1203
0 2054 741 2246 1031
0 1769 341 2018 592
0 2 1382 118 1662
0 131 1385 277 1649
0 290 1428 466 1662
0 479 1433 643 1682
0 649 1410 805 1703
0 820 1423 984 1695
0 997 1398 1141 1669
0 1143 1377 1305 1659
0 1318 1372 1433 1636
0 1441 1423 1594 1704
0 1636 1423 1784 1657
0 1795 1416 1956 1657
0 2143 1208 2266 1516
0 2008 1208 2128 1518