0 336 800 513 1080
0 518 803 677 1059
0 695 803 843 1049
0 851 810 1018 1062
0 1046 575 1218 826
0 1023 826 1215 1082
0 1220 580 1374 833
0 1218 841 1372 1092
0 1392 592 1482 828
0 1513 623 1654 833
0 1382 836 1469 1057
0 1500 849 1643 1077
0 1669 623 1795 841
0 1646 851 1718 1064
0 1728 844 1874 1077
0 1805 636 1943 849
0 1959 639 2100 857
0 1931 862 2090 1087
0 2102 646 2202 851
0 2100 857 2187 1077
0 2197 864 2272 1080
0 1 837 306 1221
0 2 1462 143 1675
0 151 1467 305 1669
0 336 1249 477 1518
0 487 1257 628 1523
0 633 1262 777 1533
0 792 1210 913 1490
0 923 1200 1049 1492
0 1059 1205 1169 1503
0 1174 1226 1297 1533
0 1313 1198 1441 1510
0 1513 1190 1643 1513
0 1656 1195 1766 1505
0 1774 1195 1872 1485
0 1884 1192 2015 1487
0 2018 1185 2095 1462
0 2105 1182 2187 1457
0 2197 1182 2272 1500
0 56 375 423 672
0 923 16 1454 162
0 1569 8 1923 254
0 2208 657 2272 846
0 1956 1607 2269 1695