0 297 277 438 577
0 464 287 600 592
0 610 305 764 600
0 777 305 908 595
0 928 298 1046 590
0 1049 303 1169 610
0 1184 310 1318 626
0 1336 300 1466 636
0 1549 316 1682 646
0 1687 313 1810 654
0 1825 331 1913 657
0 1928 333 2059 669
0 2079 351 2161 667
0 2172 351 2249 662
0 105 569 249 718
0 1 572 105 739
0 5 1 225 236
0 31 935 319 1390
0 320 731 774 1064
0 333 1108 774 1416
0 815 1069 1287 1392
0 1305 741 1764 1075
0 1318 1087 1736 1351
0 2000 987 2266 1341
0 2010 3 2166 221
0 1792 1 1943 192
0 1533 3 1692 180
0 1228 5 1400 139
0 1038 1 1213 128
0 851 1 1015 113
0 2174 8 2272 228
0 1481 317 1534 637
0 1701 5 1774 175