0 1 3 166 357
0 166 5 579 344
0 608 3 997 387
0 1028 3 1395 416
0 1433 3 1766 431
0 1861 8 2149 462
0 18 605 169 890
0 182 633 374 877
0 382 657 577 892
0 592 641 774 967
0 779 646 966 1005
0 982 644 1149 928
0 1161 651 1331 936
0 1336 662 1466 957
0 1484 700 1646 1013
0 1705 726 1882 964
0 1895 721 2069 969
0 31 1377 215 1598
0 243 1387 433 1631
0 436 1395 613 1628
0 638 1313 802 1592
0 802 1372 974 1680
0 974 1190 1128 1695
0 1136 1180 1288 1704
0 1290 1208 1592 1700
0 1602 1210 1897 1541
0 2061 1326 2272 1700
0 2087 957 2272 1313
0 2123 500 2269 844