0 1599 717 1783 952
0 1170 657 1368 954
0 1086 1077 1216 1280
0 615 1022 768 1263
0 609 662 801 940
0 806 655 971 949
0 458 1030 618 1252
0 969 657 1148 959
0 176 307 346 574
0 1136 288 1304 560
0 344 305 538 577
0 433 665 606 940
0 1790 725 1928 960
0 1696 1076 1808 1287
0 931 1057 1083 1280
0 1946 450 2143 585
0 1541 1095 1678 1290
0 1396 1117 1523 1287
0 1938 732 2091 967
0 1233 1082 1371 1290
0 1576 438 1721 582
0 269 700 431 924
0 93 685 271 923
0 12 308 178 570
0 1401 431 1554 575
0 285 1022 448 1243
0 1836 1075 1953 1290
0 159 10 336 173
0 2113 1075 2268 1292
0 1988 22 2248 165
0 1408 17 1701 162
0 1765 20 1961 172
0 1756 452 1941 585
0 2098 780 2233 970
0 2006 1376 2253 1455
0 1959 1075 2101 1287
0 1033 1372 1189 1555
0 886 1375 1023 1552
0 1201 1378 1350 1575
0 754 1370 873 1540
0 1421 1459 1716 1577
0 1421 1375 1698 1455
0 46 1315 176 1501
0 1739 1371 1981 1457
0 190 1342 386 1521
0 1730 1469 1998 1582
0 2018 1491 2271 1582
0 3 1 133 187
0 1753 330 1943 447
0 1946 325 2136 455
0 773 1050 923 1275
0 118 1022 273 1255