0 2018 511 2167 686
0 1556 397 1713 659
0 1706 395 1873 660
0 908 365 1092 645
0 956 1072 1123 1267
0 1108 389 1281 652
0 513 368 717 635
0 832 1084 953 1270
0 726 354 887 645
0 338 360 513 637
0 676 1071 830 1250
0 1040 747 1166 971
0 864 740 1011 960
0 1128 1062 1293 1269
0 198 750 377 952
0 212 365 348 629
0 1875 772 2036 1012
0 373 748 537 970
0 1355 1171 1623 1275
0 528 740 688 967
0 1873 509 2011 649
0 13 355 198 637
0 1537 137 1663 260
0 241 10 456 265
0 1616 781 1748 990
0 143 1090 326 1221
0 1166 747 1313 974
0 1469 808 1613 997
0 1323 780 1448 997
0 1659 1082 1898 1167
0 1367 115 1479 252
0 75 22 229 260
0 711 755 866 967
0 1750 779 1873 992
0 1921 1175 2172 1283
0 1720 144 1880 272
0 1661 1175 1916 1278
0 1904 146 2056 261
0 2160 521 2270 664
0 2046 887 2231 995
0 1918 1084 2159 1175
0 1602 1364 1721 1537
0 1464 1366 1581 1525
0 1340 1396 1455 1532
0 2037 762 2222 870
0 23 737 196 957
0 1361 1077 1629 1181
0 1196 1345 1328 1530
0 1066 1347 1201 1515