0 532 209 743 829
0 253 214 464 833
0 927 91 1106 838
0 1287 122 1464 817
0 1114 117 1285 827
0 948 1031 1119 1622
0 753 106 914 830
0 347 1017 466 1514
0 1298 1015 1450 1619
0 629 1091 798 1606
0 6 248 215 731
0 1582 154 1706 798
0 487 1051 616 1545
0 1135 965 1302 1617
0 1554 1001 1714 1606
0 824 1033 941 1525
0 2079 991 2245 1575
0 1445 980 1564 1577
0 1 988 316 1441
0 1865 125 1998 791
0 1466 146 1579 809
0 1885 976 2014 1591
0 1716 986 1845 1585
0 1691 162 1814 780
0 2137 96 2266 806
0 2022 130 2124 801
0 3 1456 306 1704