0 2013 1048 2203 1671
0 1756 554 2032 830
0 729 1037 904 1698
0 377 414 551 851
0 548 419 730 843
0 741 589 987 848
0 182 430 369 856
0 1511 538 1753 835
0 1003 575 1272 848
0 756 398 956 585
0 1274 585 1514 843
0 2079 204 2272 464
0 531 1167 716 1696
0 240 1151 448 1693
0 1249 1046 1424 1683
0 900 1043 1073 1688
0 1072 1046 1232 1696
0 1938 1014 2066 1649
0 1814 1009 1943 1617
0 1 1175 193 1667
0 1503 1059 1655 1670
0 1385 1072 1515 1680
0 1632 1077 1745 1593
0 1058 359 1350 593
0 2061 554 2269 833