0 1466 488 2103 819
0 1088 117 1207 461
0 1324 975 1940 1262
0 1361 124 1490 517
0 957 99 1067 486
0 950 502 1064 848
0 1329 546 1443 864
0 687 491 832 835
0 832 483 950 851
0 1519 33 2174 469
0 1236 96 1350 506
0 1079 517 1193 867
0 1212 538 1315 851
0 1356 1254 1927 1514
0 835 78 943 501
0 690 104 828 496
0 370 105 656 417
0 353 467 682 842
0 2132 764 2261 1168
0 8 1256 301 1691
0 1377 1498 1914 1662
0 1050 1286 1139 1456
0 971 1285 1061 1452
0 1170 1277 1258 1453
0 853 1297 939 1445
0 1099 1548 1197 1689
0 593 1210 831 1469
0 1990 738 2127 1212
0 556 977 816 1180
0 411 1208 590 1477
0 1943 1306 2045 1648
0 2150 1364 2261 1643
0 2029 1298 2145 1641