0 1908 1297 1999 1606
0 614 4 793 522
0 1029 662 1179 1169
0 1395 1290 1519 1648
0 1382 663 1523 1083
0 1198 648 1348 1156
0 1283 1267 1390 1614
0 1529 1272 1651 1619
0 977 5 1147 522
0 1607 638 1758 1114
0 837 672 946 1104
0 1153 14 1327 517
0 685 673 833 1183
0 1648 1270 1761 1622
0 390 659 527 1159
0 534 662 672 1164
0 1332 6 1511 533
0 269 7 453 459
0 1176 1288 1292 1587
0 1614 13 1796 519
0 1945 23 2147 485
0 819 9 964 472
0 464 14 603 491
0 934 685 1037 1125
0 2050 646 2220 1075
0 1816 657 1950 1119
0 1793 15 1939 506
0 2143 111 2272 491
0 1940 681 2016 1114
0 949 1272 1074 1628
0 827 1288 959 1664
0 1075 1292 1174 1602
0 706 1310 814 1633
0 564 1285 687 1646
0 14 1501 545 1646
0 8 1264 479 1493
0 1774 1287 1903 1648
0 8 369 290 772
0 2072 1296 2256 1643
0 3 954 379 1246