0 1832 1235 2037 1701
0 1619 1230 1814 1696
0 738 448 906 1067
0 1435 465 1674 996
0 1143 435 1274 1012
0 558 477 720 1093
0 922 456 1074 1104
0 408 456 542 1075
0 1290 435 1430 991
0 258 464 387 1083
0 1137 4 1337 330
0 364 1 511 304
0 535 7 711 304
0 1556 4 1853 322
0 1343 4 1516 338
0 736 3 922 322
0 213 1 350 317
0 1669 469 1932 1012
0 1948 1 2258 369
0 1079 1235 1257 1701
0 893 1230 1045 1701
0 727 1285 859 1701
0 1458 1227 1611 1704
0 1287 1238 1448 1696
0 577 1222 703 1680
0 416 1222 553 1659
0 2087 1247 2267 1701
0 927 1 1106 325
0 2079 522 2245 1051