0 2101 1154 2278 1349
0 1358 1169 1499 1427
0 1752 1142 1905 1418
0 1165 1166 1301 1408
0 1535 1162 1697 1405
0 276 735 533 1042
0 1094 695 1276 1032
0 1268 720 1461 1032
0 393 1150 711 1420
0 66 737 276 1056
0 901 322 1123 605
0 883 732 1098 1042
0 937 1218 1129 1403
0 603 365 838 625
0 899 22 1136 227
0 557 53 736 230
0 1120 365 1334 613
0 91 400 318 637
0 1941 1134 2074 1416
0 1103 1537 1311 1704
0 1987 1505 2131 1699
0 1318 1537 1488 1704
0 1492 1520 1648 1702
0 2136 1507 2268 1702
0 679 1527 878 1698
0 1814 1497 1986 1702
0 137 1500 391 1700
0 496 1520 692 1702
0 904 1520 1098 1696
0 1 1490 132 1694
0 1652 1525 1803 1704
0 181 20 366 200
0 358 27 513 237
0 746 27 903 220
0 2021 725 2271 1020
0 196 1142 383 1367
0 27 27 174 222