0 1882 394 2051 678
0 411 802 636 1050
0 1053 793 1235 1065
0 1089 380 1268 698
0 1243 794 1420 1045
0 1700 410 1856 672
0 737 1146 866 1327
0 1280 380 1471 701
0 1487 377 1671 706
0 1792 813 1946 1042
0 1631 813 1778 1045
0 93 791 302 1037
0 626 808 812 1062
0 383 406 566 699
0 836 791 1058 1057
0 1056 10 1231 282
0 1816 1114 1993 1322
0 466 1142 577 1324
0 601 1148 727 1330
0 1688 1130 1823 1325
0 875 410 1083 698
0 1516 1130 1706 1325
0 318 1133 434 1317
0 1433 798 1601 1050
0 156 1143 277 1326
0 1932 802 2083 1042
0 892 1157 1101 1342
0 1 12 146 292
0 1238 4 1436 270
0 175 422 328 703
0 811 17 1061 280
0 1107 1123 1246 1347
0 2071 793 2236 1070
0 1982 1117 2161 1310
0 2093 384 2268 694
0 108 1416 221 1615
0 1989 1413 2138 1587
0 655 1465 746 1585
0 2134 1403 2248 1582
0 9 1386 95 1609
0 153 15 426 297
0 2078 20 2248 282
0 3 1122 151 1320
0 218 1412 346 1595
0 371 1425 481 1627
0 436 1415 591 1490
0 481 1500 626 1595
0 1841 1412 1998 1580