0 887 1263 1033 1461
0 1743 373 2050 507
0 1070 1255 1230 1471
0 1585 1284 1709 1483
0 315 962 452 1121
0 637 963 787 1120
0 1863 1268 1971 1457
0 673 1287 863 1479
0 977 725 1216 865
0 487 960 597 1122
0 346 1295 569 1467
0 1609 973 1738 1142
0 378 241 717 479
0 1231 337 1380 491
0 1586 703 1711 852
0 1372 994 1550 1163
0 366 713 591 862
0 815 950 929 1091
0 1777 981 1883 1128
0 1297 712 1541 836
0 1732 1268 1837 1488
0 2032 1563 2144 1714
0 648 732 893 857
0 934 280 1096 505
0 1111 322 1218 497
0 1414 410 1618 495
0 968 587 1168 712
0 1556 1612 1700 1704
0 1726 1600 1875 1704
0 1873 1577 2024 1704
0 378 1582 621 1704
0 1181 1580 1313 1704
0 896 1585 1015 1699
0 403 580 676 700
0 716 587 916 700
0 934 975 1077 1162