0 1617 515 1765 1054
0 314 492 447 1072
0 485 506 614 1060
0 1470 547 1583 1057
0 170 500 310 1047
0 619 570 717 1022
0 1137 528 1257 1032
0 1308 548 1417 1049
0 42 517 160 1023
0 1800 5 1924 308
0 1795 475 1915 1073
0 1607 9 1761 285
0 383 1 490 334
0 218 7 324 351
0 577 1 682 300
0 57 8 179 326
0 1937 41 2066 317
0 1482 12 1578 299
0 1294 15 1426 309
0 976 24 1114 227
0 1138 5 1261 276
0 739 19 830 204
0 1951 461 2072 1072
0 2106 480 2223 1042
0 2122 58 2255 318
0 193 1243 308 1712
0 1873 1241 2022 1702
0 2037 1253 2159 1688
0 1587 1277 1729 1680
0 1150 1305 1286 1661
0 342 1256 456 1678
0 68 1241 175 1699
0 458 1273 609 1657
0 1448 1261 1582 1684
0 1301 1276 1428 1679
0 642 1277 749 1682
0 2165 1234 2278 1667
0 1 1252 90 1726
0 1758 1234 1874 1703
