0 289 942 449 1403
0 1683 303 1813 865
0 1850 330 2013 899
0 410 227 529 789
0 1509 290 1638 852
0 389 988 500 1378
0 1639 1096 1765 1549
0 989 981 1100 1313
0 1361 1082 1481 1498
0 655 985 762 1398
0 1335 332 1474 845
0 698 182 824 797
0 1211 1081 1333 1449
0 997 263 1134 815
0 512 980 627 1406
0 881 233 984 824
0 1967 1123 2099 1598
0 881 992 976 1286
0 1152 307 1301 819
0 559 191 684 790
0 1105 1064 1194 1336
0 1484 1101 1619 1512
0 108 952 221 1343
0 754 975 870 1313
0 1 942 99 1367
0 274 305 377 797
0 1780 1072 1925 1551
0 2016 274 2206 904
0 2098 1221 2231 1536
