0 1427 291 1577 887
0 321 1042 437 1438
0 1610 341 1746 914
0 1786 359 1939 936
0 481 280 609 835
0 330 269 464 849
0 1449 1153 1563 1539
0 1089 349 1242 886
0 1594 1101 1730 1591
0 927 269 1057 876
0 1312 1162 1422 1560
0 1262 355 1393 899
0 1742 1121 1880 1598
0 464 1028 569 1466
0 819 1001 932 1329
0 592 1017 728 1430
0 1178 1145 1281 1501
0 960 1048 1045 1351
0 798 297 900 862
0 630 278 745 844
0 716 1014 818 1358
0 1080 1111 1161 1378
0 60 996 167 1426
0 198 344 300 813
0 1983 329 2141 914
0 1938 1175 2061 1598
0 2073 1140 2197 1598
0 2173 290 2286 936
0 1881 1143 1988 1595
