0 306 1272 461 1623
0 1024 1289 1134 1598
0 1162 1315 1281 1598
0 1337 610 1463 1062
0 394 535 548 1070
0 756 1248 878 1598
0 621 1209 754 1598
0 1484 610 1616 1062
0 1663 30 1792 408
0 564 600 699 1051
0 88 502 213 1040
0 704 580 866 1069
0 205 508 343 1007
0 1648 617 1776 1082
0 968 534 1117 1067
0 1210 603 1314 1037
0 836 11 980 381
0 1352 8 1481 398
0 1186 7 1325 386
0 512 5 636 386
0 1855 1229 1989 1598
0 1006 14 1169 393
0 674 12 821 369
0 84 27 221 360
0 354 5 475 370
0 1506 4 1632 409
0 1 527 102 1046
0 1817 613 1940 1085
0 1954 580 2060 1080
0 1844 5 1951 421
0 1997 4 2114 354
0 879 1272 1000 1621
0 1692 1276 1819 1659
0 1277 1285 1392 1673
0 497 1229 622 1601
0 1410 1300 1536 1687
0 1561 1291 1679 1670
0 2141 1284 2284 1687
0 101 1299 212 1477
0 215 1308 300 1501
