0 1651 891 1804 1459
0 1492 904 1633 1465
0 554 948 689 1442
0 635 229 771 729
0 1336 933 1470 1455
0 447 223 616 704
0 120 895 240 1429
0 273 897 401 1439
0 806 208 906 602
0 1803 250 1935 708
0 1359 209 1482 726
0 321 285 444 745
0 1187 921 1316 1453
0 18 314 148 726
0 177 290 306 743
0 416 931 535 1446
0 1945 251 2077 708
0 1491 236 1607 725
0 1213 193 1331 695
0 688 988 795 1422
0 1054 220 1168 621
0 5 886 107 1431
0 1646 236 1770 694
0 1956 868 2085 1467
0 2116 263 2234 664
0 1828 862 1929 1449
0 2108 873 2267 1446
0 266 1234 377 1411
0 151 1556 237 1723
0 21 1532 123 1712
0 121 1228 220 1418