0 519 726 635 1149
0 964 749 1088 1173
0 1762 35 1906 501
0 1454 63 1569 527
0 1251 694 1359 1195
0 1544 717 1666 1177
0 1607 39 1732 522
0 314 13 454 514
0 373 690 490 1165
0 490 20 603 525
0 645 27 783 483
0 131 23 275 513
0 1267 14 1415 493
0 660 687 781 1172
0 1400 701 1515 1184
0 155 668 273 1176
0 787 26 933 472
0 278 1290 379 1650
0 1116 703 1223 1191
0 1107 34 1246 483
0 156 1291 262 1656
0 822 706 935 1206
0 1142 1340 1225 1656
0 275 678 382 1155
0 42 681 144 1162
0 1844 711 1948 1120
0 946 30 1092 510
0 18 23 102 529
0 1682 685 1796 1176
0 1937 61 2023 416
0 1557 1400 1668 1686
0 937 1319 1066 1655
0 721 1366 844 1713
0 454 1322 587 1711
0 1283 1326 1382 1681
0 47 1277 148 1678
0 1398 1376 1529 1685
0 602 1363 721 1703
0 1826 1370 1895 1704
0 2115 1531 2215 1705
0 1701 1408 1810 1700
