0 1962 982 2088 1400
0 1588 205 1743 781
0 285 180 432 722
0 980 988 1084 1374
0 721 914 839 1342
0 1305 224 1426 768
0 494 239 617 757
0 585 922 693 1299
0 1252 998 1362 1379
0 813 247 975 765
0 1451 241 1573 770
0 863 935 967 1370
0 1114 973 1221 1398
0 140 166 269 768
0 1391 981 1519 1382
0 665 247 774 775
0 23 198 158 751
0 375 1019 491 1226
0 1074 235 1184 743
0 284 1031 371 1235
0 987 231 1065 741
0 182 1056 287 1221
0 1766 245 1911 786
0 1679 988 1815 1384
0 1844 969 1921 1402
0 1904 226 2089 785
0 2064 198 2190 792
0 1540 981 1652 1393
0 10 1033 89 1200
 
 
