0 1369 830 1497 1421
0 1204 851 1343 1395
0 1798 197 1927 683
0 298 900 434 1391
0 468 892 586 1371
0 758 831 877 1384
0 1051 898 1187 1406
0 884 870 1031 1399
0 600 898 711 1399
0 158 171 301 676
0 119 863 262 1372
0 464 199 597 687
0 1656 197 1758 716
0 1526 863 1634 1419
0 615 220 752 677
0 955 195 1086 687
0 330 194 461 697
0 1459 222 1575 702
0 1303 194 1429 690
0 1126 180 1273 692
0 799 204 913 666
0 33 154 144 682
0 1 931 108 1394
0 2159 1104 2231 1219
0 1685 893 1804 1409
0 1814 876 1912 1349
0 2101 707 2167 903
0 2001 723 2138 893
0 2147 725 2237 877
0 1357 1559 1454 1719
0 339 1526 443 1698
0 182 1501 316 1697
0 765 1536 852 1706
0 78 1511 171 1708
0 1073 1561 1163 1719
0 2086 1556 2182 1657
0 1211 1533 1299 1706
0 2112 1259 2209 1377
0 1947 1259 2133 1362
