0 703 997 987 1479
0 569 237 748 832
0 88 1021 221 1470
0 1020 1048 1143 1433
0 2006 233 2167 803
0 1137 199 1280 845
0 407 234 567 825
0 1330 178 1466 815
0 1175 1015 1307 1472
0 1720 1004 1845 1338
0 1506 193 1647 808
0 1591 990 1714 1321
0 51 243 254 778
0 1926 1089 2065 1484
0 526 987 645 1494
0 372 1007 505 1469
0 671 980 799 1510
0 245 230 389 824
0 1460 1011 1583 1278
0 1338 1024 1439 1449
0 2 1049 109 1473
0 981 449 1103 850
0 754 462 888 813
0 1691 175 1829 861
0 1841 189 1984 823
0 2078 1097 2189 1460
0 2160 253 2294 828
0 1840 1042 1930 1246
0 825 1221 939 1474
0 260 1052 368 1444
