0 1087 1057 1483 1441
0 1512 1076 1916 1460
0 596 1115 1022 1416
0 1283 339 1385 855
0 1429 341 1556 875
0 1135 334 1258 845
0 2113 339 2272 871
0 959 385 1105 833
0 1900 290 2033 850
0 1594 327 1715 840
0 790 427 909 843
0 594 431 743 839
0 76 346 190 819
0 2003 1031 2120 1416
0 439 432 573 795
0 124 987 218 1399
0 14 1000 128 1389
0 190 402 293 801
0 227 1039 324 1378
0 472 991 561 1176
0 1739 304 1867 844
0 2132 1037 2251 1439
0 1923 25 2045 181
0 650 14 887 129
0 371 8 625 135